5904479
1901211
1901212
5902305
5902306
6901022
6901023
6901027
6901457
6901593
6901750
6901757
6902806
4900362
4900612
4901405
4901407
4901446
5903389
5903391
5903392
5904774
6900124
6900232
6900233
6900387
6900621
6900622
6900647
6900648
6900649
6900650
6900653
6900654
6900655
6900656
6900657
6900658
6901150
6901177
6901193
6901919
6901920
6901921
6901923
6901924
6901925
6901926
6901927
6901928
6901929
6901930
6901932
1900625
1900626
3901624
3901625
3901627
3901661
3901663
3901871
4900190
4901422
4901680
6900047
6900127
6900136
6900169
6900170
6900171
6900172
6900176
6900177
6900184
6900191
6900206
6900244
6900246
6900254
6900257
6900258
6900260
6900261
6900273
6900275
6900276
6900277
6900332
6900395
6900396
6900397
6900398
6900400
6900403
6900405
6900406
6900460
6900463
6900491
6900493
6900497
6900498
6900516
6900518
6900539
6900561
6900578
6900580
6900583
6900761
6900826
6900827
6900966
6900974
6901060
6901269
6901565
6901568
6901569
69021
6902648
6902662
6902703
69028
69054
7900557
7900569
4900538
4900628
4901101
4901103
4901109
4901128
4901151
4901194
